Begin Map
Begin Actor Class=LevelInfo Name=LevelInfo0
    TimeSeconds=5.203563
    Summary=LevelSummary'Entry.LevelSummary'
    bHighDetailMode=False
    NavigationPointList=PlayerStart'Entry.PlayerStart1'
    AIProfile(0)=6912433
    AIProfile(1)=122
    AIProfile(2)=102
    AIProfile(3)=110
    AIProfile(4)=113
    AIProfile(5)=116
    AIProfile(6)=114
    AIProfile(7)=6878021
    AvgAITime=-0.000000
    bPathsRebuilt=True
    Level=LevelInfo'Entry.LevelInfo0'
    Tag=LevelInfo
    Region=(Zone=LevelInfo'Entry.LevelInfo0',iLeaf=-1)
    Name=LevelInfo0
End Actor
Begin Actor Class=Brush Name=Brush27
    MainScale=(SheerAxis=SHEER_ZX)
    PostScale=(SheerAxis=SHEER_ZX)
    TempScale=(SheerAxis=SHEER_ZX)
    Level=LevelInfo'Entry.LevelInfo0'
    Tag=Brush
    Region=(Zone=LevelInfo'Entry.LevelInfo0',iLeaf=-1)
    Location=(X=7712.000000,Y=13488.000000,Z=1088.000000)
    Begin Brush Name=Brush
       Begin PolyList
          Begin Polygon Link=0
             Origin   +00158.319656,+00348.626190,-00607.517395
             Normal   -00001.000000,+00000.000001,-00000.000001
             TextureU +00000.000001,+00000.994692,-00000.102898
             TextureV +00000.000000,-00000.102898,-00000.994692
             Vertex   +00008.791809,-01087.999756,-01006.069336
             Vertex   +00008.791626,-01040.000366,-00542.069336
             Vertex   +00008.791931,-00767.999878,-00542.069336
          End Polygon
          Begin Polygon Link=1
             Origin   +00158.319656,+00026.071167,-00326.310638
             Normal   -00000.435192,+00000.112442,+00000.893289
             TextureU -00000.653239,+00000.643349,-00000.399226
             TextureV -00000.619586,-00000.757271,-00000.206528
             Vertex   +00344.791809,-01120.000122,-00334.069305
             Vertex   +00488.791992,-00944.000183,-00286.069336
             Vertex   +00008.791931,-00767.999878,-00542.069336
          End Polygon
          Begin Polygon Link=2
             Origin   +00508.775818,+00026.071167,-00030.069260
             Normal   -00000.336996,+00000.318835,+00000.885877
             TextureU -00000.920233,-00000.310428,-00000.238340
             TextureV +00000.199010,-00000.895533,+00000.398015
             Vertex   +00824.791931,-00928.000122,-00174.069336
             Vertex   +00792.791504,-00784.000488,-00238.069321
             Vertex   +00008.791931,-00767.999878,-00542.069336
          End Polygon
          Begin Polygon Link=3
             Origin   +00841.445923,+00364.996216,-00030.069260
             Normal   -00000.288157,+00000.748616,+00000.597109
             TextureU -00000.532130,-00000.643601,+00000.550105
             TextureV +00000.796117,-00000.159222,+00000.583820
             Vertex   +00680.791626,-00687.999878,-00318.069336
             Vertex   +00440.791626,-00640.000183,-00494.069336
             Vertex   +00008.791931,-00767.999878,-00542.069336
          End Polygon
          Begin Polygon Link=4
             Origin   +00508.775818,+00671.181152,-00326.310638
             Normal   -00001.000000,-00000.000000,-00000.000000
             TextureU -00000.000000,-00000.090536,+00000.995893
             TextureV -00000.000000,+00000.995893,+00000.090536
             Vertex   +00008.791931,-00688.000000,-00990.069336
             Vertex   +00008.791992,-00864.000000,-01006.069336
             Vertex   +00008.791931,-00767.999878,-00542.069336
          End Polygon
          Begin Polygon Link=5
             Origin   +00508.775818,+00026.071167,-00030.069260
             Normal   -00000.289587,-00000.294258,+00000.910797
             TextureU +00000.134062,-00000.954660,-00000.265804
             TextureV +00000.947717,+00000.045130,+00000.315906
             Vertex   +00824.791931,-00928.000122,-00174.069336
             Vertex   +00488.791992,-00944.000183,-00286.069336
             Vertex   +01208.791748,-01503.999756,-00238.069321
          End Polygon
          Begin Polygon Link=6
             Origin   +00158.319656,+00026.071167,-00326.310638
             Normal   -00000.412652,-00000.840975,+00000.349972
             TextureU +00000.448903,+00000.146559,+00000.881480
             TextureV -00000.792594,+00000.520848,+00000.317038
             Vertex   +00344.791809,-01120.000122,-00334.069305
             Vertex   +00904.791748,-01488.000244,-00558.069336
             Vertex   +01208.791748,-01503.999756,-00238.069321
          End Polygon
          Begin Polygon Link=7
             Origin   +00490.989685,-00280.113770,-00607.517395
             Normal   +00000.707107,-00000.707106,+00000.000000
             TextureU -00000.699965,-00000.699966,+00000.141765
             TextureV -00000.100243,-00000.100243,-00000.989900
             Vertex   +01256.791992,-01456.000488,-03198.069336
             Vertex   +01512.791626,-01199.999634,-00670.069336
             Vertex   +01208.791748,-01503.999756,-00238.069321
          End Polygon
          Begin Polygon Link=8
             Origin   +00841.445923,-00280.113770,-00326.310638
             Normal   -00000.298252,-00000.189797,+00000.935426
             TextureU -00000.307672,-00000.908603,-00000.282453
             TextureV +00000.903540,-00000.372046,+00000.212598
             Vertex   +01576.791626,-01136.000488,-00046.069305
             Vertex   +01032.791992,-00912.000305,-00174.069336
             Vertex   +01208.791748,-01503.999756,-00238.069321
          End Polygon
          Begin Polygon Link=9
             Origin   +00841.445923,+00364.996216,-00030.069260
             Normal   +00000.170715,+00000.981616,+00000.085359
             TextureU -00000.315824,+00000.136573,-00000.938937
             TextureV -00000.933334,+00000.133333,+00000.333333
             Vertex   +00680.791626,-00687.999878,-00318.069336
             Vertex   +00904.791992,-00719.999756,-00398.069336
             Vertex   +00584.791748,-00655.999756,-00494.069336
          End Polygon
          Begin Polygon Link=10
             Origin   +01191.901978,+00364.996216,-00326.310638
             Normal   +00000.110838,+00000.986810,-00000.117988
             TextureU -00000.912803,+00000.148035,+00000.380627
             TextureV +00000.393073,+00000.065512,+00000.917171
             Vertex   +00920.791626,-00687.999878,-00446.069336
             Vertex   +00824.791748,-00703.999756,-00670.069336
             Vertex   +00584.791748,-00655.999756,-00494.069336
          End Polygon
          Begin Polygon Link=11
             Origin   +00859.231995,+00671.181152,-00607.517395
             Normal   -00000.075279,+00000.993115,-00000.089757
             TextureU -00000.089619,+00000.082910,+00000.992519
             TextureV +00000.993127,+00000.082760,+00000.082761
             Vertex   +00696.791504,-00688.000000,-00942.069336
             Vertex   +00504.791931,-00703.999878,-00958.069336
             Vertex   +00584.791748,-00655.999756,-00494.069336
          End Polygon
          Begin Polygon Link=12
             Origin   +00508.775818,+00671.181152,-00326.310638
             Normal   +00000.108440,+00000.975991,-00000.188898
             TextureU +00000.747773,-00000.205292,-00000.631419
             TextureV -00000.655039,-00000.072782,-00000.752082
             Vertex   +00008.791931,-00688.000000,-00990.069336
             Vertex   +00440.791626,-00640.000183,-00494.069336
             Vertex   +00584.791748,-00655.999756,-00494.069336
          End Polygon
          Begin Polygon Link=13
             Origin   +01191.901978,+00364.996216,-00326.310638
             Normal   -00000.122176,+00000.844132,+00000.522028
             TextureU +00000.955849,-00000.041556,+00000.290905
             TextureV +00000.267256,+00000.534522,-00000.801786
             Vertex   +00920.791626,-00687.999878,-00446.069336
             Vertex   +00904.791992,-00719.999756,-00398.069336
             Vertex   +01272.791504,-00736.000061,-00286.069336
          End Polygon
          Begin Polygon Link=14
             Origin   +00841.445923,+00364.996216,-00030.069260
             Normal   +00000.011367,+00000.647934,+00000.761612
             TextureU +00000.744593,+00000.502897,-00000.438948
             TextureV -00000.667422,+00000.572080,-00000.476731
             Vertex   +00680.791626,-00687.999878,-00318.069336
             Vertex   +00792.791504,-00784.000488,-00238.069321
             Vertex   +01272.791504,-00736.000061,-00286.069336
          End Polygon
          Begin Polygon Link=15
             Origin   +00508.775818,+00026.071167,-00030.069260
             Normal   -00000.044527,+00000.578854,+00000.814215
             TextureU -00000.062447,+00000.811816,-00000.580564
             TextureV -00000.997055,-00000.076696,+00000.000000
             Vertex   +00824.791931,-00928.000122,-00174.069336
             Vertex   +01032.791992,-00912.000305,-00174.069336
             Vertex   +01272.791504,-00736.000061,-00286.069336
          End Polygon
          Begin Polygon Link=16
             Origin   +00841.445923,-00280.113770,-00326.310638
             Normal   -00000.104252,+00000.452238,+00000.885783
             TextureU -00000.724536,+00000.575587,-00000.379141
             TextureV -00000.681307,-00000.681308,+00000.267656
             Vertex   +01576.791626,-01136.000488,-00046.069305
             Vertex   +02024.791626,-00688.000000,-00222.069336
             Vertex   +01272.791504,-00736.000061,-00286.069336
          End Polygon
          Begin Polygon Link=17
             Origin   +01191.901978,+00042.441235,-00607.517395
             Normal   +00000.326818,+00000.917604,-00000.226259
             TextureU +00000.514168,+00000.028242,+00000.857224
             TextureV +00000.792982,-00000.396491,-00000.462573
             Vertex   +01208.791626,-00800.000183,-00638.069336
             Vertex   +01016.791504,-00704.000122,-00526.069336
             Vertex   +01272.791504,-00736.000061,-00286.069336
          End Polygon
          Begin Polygon Link=18
             Origin   +00859.231995,+00348.626190,-00903.758789
             Normal   -00000.893555,+00000.448692,-00000.015340
             TextureU -00000.447632,-00000.893022,-00000.046229
             TextureV -00000.034442,-00000.034442,+00000.998813
             Vertex   +01000.791504,-00815.999756,-00958.069336
             Vertex   +01080.791504,-00736.000488,-03278.069336
             Vertex   +00872.791992,-01072.000122,-00990.069336
          End Polygon
          Begin Polygon Link=19
             Origin   +00490.989685,+00042.441235,-00903.758789
             Normal   -00000.935138,+00000.353543,+00000.022891
             TextureU +00000.354283,+00000.933184,+00000.060422
             TextureV +00000.000000,+00000.064613,-00000.997910
             Vertex   +00824.791931,-01056.000244,-03198.069336
             Vertex   +00824.791565,-01199.999634,-00974.069336
             Vertex   +00872.791992,-01072.000122,-00990.069336
          End Polygon
          Begin Polygon Link=20
             Origin   +00158.319656,+00348.626190,-00607.517395
             Normal   +00000.018515,-00000.000000,-00000.999829
             TextureU +00000.999829,-00000.000001,+00000.018515
             TextureV -00000.000001,-00001.000000,-00000.000000
             Vertex   +00008.791809,-01087.999756,-01006.069336
             Vertex   +00008.791992,-00864.000000,-01006.069336
             Vertex   +00872.791992,-01072.000122,-00990.069336
          End Polygon
          Begin Polygon Link=21
             Origin   +00508.775818,+00671.181152,-00326.310638
             Normal   +00000.068567,+00000.154275,-00000.985646
             TextureU -00000.021785,-00000.987504,-00000.156081
             TextureV -00000.997409,+00000.032174,-00000.064349
             Vertex   +00008.791931,-00688.000000,-00990.069336
             Vertex   +00504.791931,-00703.999878,-00958.069336
             Vertex   +00872.791992,-01072.000122,-00990.069336
          End Polygon
          Begin Polygon Link=22
             Origin   +00859.231995,+00671.181152,-00607.517395
             Normal   -00000.148923,+00000.055157,-00000.987309
             TextureU +00000.130526,-00000.988610,-00000.074918
             TextureV -00000.980196,-00000.140027,+00000.140028
             Vertex   +00696.791504,-00688.000000,-00942.069336
             Vertex   +00808.791748,-00672.000122,-00958.069336
             Vertex   +00872.791992,-01072.000122,-00990.069336
          End Polygon
          Begin Polygon Link=23
             Origin   +00490.989685,+00042.441235,-00903.758789
             Normal   -00000.992288,-00000.122655,-00000.017906
             TextureU -00000.041328,+00000.191178,+00000.980685
             TextureV -00000.116863,+00000.973862,-00000.194773
             Vertex   +00824.791931,-01056.000244,-03198.069336
             Vertex   +00872.791748,-01455.999878,-03118.069336
             Vertex   +00824.791748,-01376.000000,-01006.069336
          End Polygon
          Begin Polygon Link=24
             Origin   +00490.989685,-00280.113770,-00607.517395
             Normal   -00000.603958,-00000.791904,-00000.090127
             TextureU -00000.785983,+00000.610528,-00000.097398
             TextureV +00000.132154,+00000.012014,-00000.991156
             Vertex   +01256.791992,-01456.000488,-03198.069336
             Vertex   +00904.791748,-01488.000244,-00558.069336
             Vertex   +00824.791748,-01376.000000,-01006.069336
          End Polygon
          Begin Polygon Link=25
             Origin   +00158.319656,+00026.071167,-00326.310638
             Normal   -00000.309222,-00000.940983,+00000.137597
             TextureU +00000.458141,-00000.274192,-00000.845533
             TextureV +00000.833360,-00000.198418,+00000.515889
             Vertex   +00344.791809,-01120.000122,-00334.069305
             Vertex   +00008.791626,-01040.000366,-00542.069336
             Vertex   +00824.791748,-01376.000000,-01006.069336
          End Polygon
          Begin Polygon Link=26
             Origin   +00158.319656,+00348.626190,-00607.517395
             Normal   +00000.063011,+00000.178530,-00000.981915
             TextureU -00000.126489,-00000.974507,-00000.185300
             TextureV -00000.989965,+00000.135877,-00000.038822
             Vertex   +00008.791809,-01087.999756,-01006.069336
             Vertex   +00824.791565,-01199.999634,-00974.069336
             Vertex   +00824.791748,-01376.000000,-01006.069336
          End Polygon
          Begin Polygon Link=27
             Origin   +00859.231995,+00348.626190,-00903.758789
             Normal   +00000.536656,+00000.715542,-00000.447214
             TextureU +00000.268328,+00000.357771,+00000.894427
             TextureV +00000.800000,-00000.599999,-00000.000000
             Vertex   +01000.791504,-00815.999756,-00958.069336
             Vertex   +00808.791748,-00672.000122,-00958.069336
             Vertex   +00968.791748,-00672.000000,-00766.069336
          End Polygon
          Begin Polygon Link=28
             Origin   +00859.231995,+00671.181152,-00607.517395
             Normal   -00000.136935,+00000.983006,+00000.122263
             TextureU +00000.894683,+00000.175712,-00000.410692
             TextureV -00000.425196,+00000.053149,-00000.903540
             Vertex   +00696.791504,-00688.000000,-00942.069336
             Vertex   +00824.791748,-00703.999756,-00670.069336
             Vertex   +00968.791748,-00672.000000,-00766.069336
          End Polygon
          Begin Polygon Link=29
             Origin   +01191.901978,+00364.996216,-00326.310638
             Normal   +00000.230822,+00000.969441,+00000.083095
             TextureU -00000.605043,+00000.209891,-00000.768029
             TextureV -00000.762000,+00000.127002,+00000.635001
             Vertex   +00920.791626,-00687.999878,-00446.069336
             Vertex   +01016.791504,-00704.000122,-00526.069336
             Vertex   +00968.791748,-00672.000000,-00766.069336
          End Polygon
          Begin Polygon Link=30
             Origin   +01191.901978,+00042.441235,-00607.517395
             Normal   +00000.525651,+00000.837756,-00000.147837
             TextureU -00000.683044,+00000.519223,+00000.513671
             TextureV +00000.507091,-00000.169033,+00000.845155
             Vertex   +01208.791626,-00800.000183,-00638.069336
             Vertex   +01112.791870,-00767.999878,-00798.069336
             Vertex   +00968.791748,-00672.000000,-00766.069336
          End Polygon
          Begin Polygon Link=31
             Origin   +00841.445923,-00280.113770,-00326.310638
             Normal   +00000.707105,-00000.707109,-00000.000001
             TextureU +00000.699786,+00000.699782,-00000.143544
             TextureV +00000.101502,+00000.101501,+00000.989644
             Vertex   +01576.791626,-01136.000488,-00046.069305
             Vertex   +01512.791626,-01199.999634,-00670.069336
             Vertex   +01992.791992,-00719.999878,-03198.069336
          End Polygon
          Begin Polygon Link=32
             Origin   +00490.989685,-00280.113770,-00607.517395
             Normal   -00000.199840,+00000.199840,-00000.959233
             TextureU +00000.040760,+00000.979829,+00000.195639
             TextureV +00000.978980,-00000.000002,-00000.203954
             Vertex   +01256.791992,-01456.000488,-03198.069336
             Vertex   +00872.791748,-01455.999878,-03118.069336
             Vertex   +01992.791992,-00719.999878,-03198.069336
          End Polygon
          Begin Polygon Link=33
             Origin   +00490.989685,+00042.441235,-00903.758789
             Normal   +00000.088501,-00000.307645,-00000.947377
             TextureU +00000.785016,-00000.563900,+00000.256451
             TextureV -00000.613121,-00000.766402,+00000.191601
             Vertex   +00824.791931,-01056.000244,-03198.069336
             Vertex   +01080.791504,-00736.000488,-03278.069336
             Vertex   +01992.791992,-00719.999878,-03198.069336
          End Polygon
          Begin Polygon Link=34
             Origin   +00859.231995,+00348.626190,-00903.758789
             Normal   -00000.286285,+00000.954288,-00000.085885
             TextureU +00000.779688,+00000.179927,-00000.599761
             TextureV -00000.556891,-00000.238666,-00000.795557
             Vertex   +01000.791504,-00815.999756,-00958.069336
             Vertex   +01112.791870,-00767.999878,-00798.069336
             Vertex   +01992.791992,-00719.999878,-03198.069336
          End Polygon
          Begin Polygon Link=35
             Origin   +01191.901978,+00042.441235,-00607.517395
             Normal   -00000.131346,+00000.991293,-00000.009247
             TextureU +00000.448027,+00000.051038,-00000.892562
             TextureV -00000.884319,-00000.121377,-00000.450829
             Vertex   +01208.791626,-00800.000183,-00638.069336
             Vertex   +02024.791626,-00688.000000,-00222.069336
             Vertex   +01992.791992,-00719.999878,-03198.069336
          End Polygon
          Begin Polygon Link=36
             Origin   +00265.441376,+00572.587891,-00466.914001
             Normal   -00001.000000,+00000.000001,-00000.000000
             TextureU -00000.000000,+00000.000000,+00001.000000
             TextureV +00000.000001,+00001.000000,+00000.000000
             Vertex   +00008.791992,-00864.000000,-01006.069336
             Vertex   +00008.791809,-01087.999756,-01006.069336
             Vertex   +00008.791931,-00767.999878,-00542.069336
          End Polygon
          Begin Polygon Link=37
             Origin   +00157.430328,+00190.622696,-00462.403625
             Normal   -00000.526354,+00000.000001,+00000.850265
             TextureU +00000.168708,+00000.980117,+00000.104438
             TextureV -00000.833360,+00000.198418,-00000.515889
             Vertex   +00008.791626,-01040.000366,-00542.069336
             Vertex   +00344.791809,-01120.000122,-00334.069305
             Vertex   +00008.791931,-00767.999878,-00542.069336
          End Polygon
          Begin Polygon Link=38
             Origin   +00260.105469,+00096.121895,-00116.109062
             Normal   -00000.305541,+00000.413958,+00000.857487
             TextureU +00000.092074,+00000.909177,-00000.406104
             TextureV -00000.947717,-00000.045130,-00000.315906
             Vertex   +00488.791992,-00944.000183,-00286.069336
             Vertex   +00824.791931,-00928.000122,-00174.069336
             Vertex   +00008.791931,-00767.999878,-00542.069336
          End Polygon
          Begin Polygon Link=39
             Origin   +00675.110840,+00195.533707,-00036.083115
             Normal   -00000.333544,+00000.342723,+00000.878231
             TextureU -00000.665805,-00000.745161,+00000.037927
             TextureV +00000.667422,-00000.572080,+00000.476731
             Vertex   +00792.791504,-00784.000488,-00238.069321
             Vertex   +00680.791626,-00687.999878,-00318.069336
             Vertex   +00008.791931,-00767.999878,-00542.069336
          End Polygon
          Begin Polygon Link=40
             Origin   +00669.775024,+00579.954407,-00116.109062
             Normal   -00000.297156,+00000.939960,+00000.167850
             TextureU -00000.694710,-00000.333434,+00000.637338
             TextureV +00000.655039,+00000.072782,+00000.752082
             Vertex   +00440.791626,-00640.000183,-00494.069336
             Vertex   +00008.791931,-00688.000000,-00990.069336
             Vertex   +00008.791931,-00767.999878,-00542.069336
          End Polygon
          Begin Polygon Link=41
             Origin   +00680.446716,-00188.887009,-00116.109062
             Normal   +00000.008085,-00000.105102,+00000.994429
             TextureU +00000.076268,-00000.991500,-00000.105413
             TextureV +00000.997055,+00000.076696,+00000.000000
             Vertex   +01032.791992,-00912.000305,-00174.069336
             Vertex   +00824.791931,-00928.000122,-00174.069336
             Vertex   +01208.791748,-01503.999756,-00238.069321
          End Polygon
          Begin Polygon Link=42
             Origin   +00260.105469,+00096.121895,-00116.109062
             Normal   -00000.166518,-00000.130318,+00000.977389
             TextureU +00000.767062,-00000.639967,+00000.045356
             TextureV +00000.619586,+00000.757271,+00000.206528
             Vertex   +00488.791992,-00944.000183,-00286.069336
             Vertex   +00344.791809,-01120.000122,-00334.069305
             Vertex   +01208.791748,-01503.999756,-00238.069321
          End Polygon
          Begin Polygon Link=43
             Origin   +00252.101761,-00193.798019,-00466.914001
             Normal   -00000.034937,-00000.999249,-00000.016770
             TextureU +00000.990613,-00000.036845,+00000.131635
             TextureV -00000.132154,-00000.012014,+00000.991156
             Vertex   +00904.791748,-01488.000244,-00558.069336
             Vertex   +01256.791992,-01456.000488,-03198.069336
             Vertex   +01208.791748,-01503.999756,-00238.069321
          End Polygon
          Begin Polygon Link=44
             Origin   +00669.775024,-00280.932251,-00471.424377
             Normal   +00000.707106,-00000.707107,-00000.000001
             TextureU -00000.699784,-00000.699784,+00000.143544
             TextureV -00000.101502,-00000.101501,-00000.989644
             Vertex   +01512.791626,-01199.999634,-00670.069336
             Vertex   +01576.791626,-01136.000488,-00046.069305
             Vertex   +01208.791748,-01503.999756,-00238.069321
          End Polygon
          Begin Polygon Link=45
             Origin   +00669.775024,+00579.954407,-00116.109062
             Normal   +00000.109636,+00000.986749,+00000.119608
             TextureU +00000.595128,+00000.031215,-00000.803025
             TextureV -00000.796117,+00000.159222,-00000.583819
             Vertex   +00440.791626,-00640.000183,-00494.069336
             Vertex   +00680.791626,-00687.999878,-00318.069336
             Vertex   +00584.791748,-00655.999756,-00494.069336
          End Polygon
          Begin Polygon Link=46
             Origin   +01090.116211,+00294.945526,-00116.109062
             Normal   +00000.000001,+00000.832051,+00000.554699
             TextureU -00000.963626,+00000.148247,-00000.222370
             TextureV -00000.267256,-00000.534522,+00000.801786
             Vertex   +00904.791992,-00719.999756,-00398.069336
             Vertex   +00920.791626,-00687.999878,-00446.069336
             Vertex   +00584.791748,-00655.999756,-00494.069336
          End Polygon
          Begin Polygon Link=47
             Origin   +01098.119873,+00584.865417,-00466.914001
             Normal   +00000.177816,+00000.983725,-00000.025813
             TextureU -00000.887463,+00000.171639,+00000.427727
             TextureV +00000.425196,-00000.053149,+00000.903540
             Vertex   +00824.791748,-00703.999756,-00670.069336
             Vertex   +00696.791504,-00688.000000,-00942.069336
             Vertex   +00584.791748,-00655.999756,-00494.069336
          End Polygon
          Begin Polygon Link=48
             Origin   +00680.446716,+00671.999634,-00471.424377
             Normal   +00000.039103,+00000.993219,-00000.109489
             TextureU -00000.060390,+00000.111721,+00000.991903
             TextureV +00000.997409,-00000.032174,+00000.064349
             Vertex   +00504.791931,-00703.999878,-00958.069336
             Vertex   +00008.791931,-00688.000000,-00990.069336
             Vertex   +00584.791748,-00655.999756,-00494.069336
          End Polygon
          Begin Polygon Link=49
             Origin   +01192.791504,+00200.444717,-00462.403625
             Normal   +00000.145456,+00000.989091,-00000.023274
             TextureU +00000.631030,-00000.074630,+00000.772161
             TextureV +00000.762000,-00000.127002,-00000.635001
             Vertex   +01016.791504,-00704.000122,-00526.069336
             Vertex   +00920.791626,-00687.999878,-00446.069336
             Vertex   +01272.791504,-00736.000061,-00286.069336
          End Polygon
          Begin Polygon Link=50
             Origin   +01090.116211,+00294.945526,-00116.109062
             Normal   +00000.087871,+00000.985077,-00000.147990
             TextureU +00000.348091,+00000.108834,+00000.931122
             TextureV +00000.933334,-00000.133333,-00000.333333
             Vertex   +00904.791992,-00719.999756,-00398.069336
             Vertex   +00680.791626,-00687.999878,-00318.069336
             Vertex   +01272.791504,-00736.000061,-00286.069336
          End Polygon
          Begin Polygon Link=51
             Origin   +00675.110840,+00195.533707,-00036.083115
             Normal   +00000.049379,+00000.414787,+00000.908578
             TextureU +00000.978753,+00000.161163,-00000.126767
             TextureV -00000.199010,+00000.895533,-00000.398015
             Vertex   +00792.791504,-00784.000488,-00238.069321
             Vertex   +00824.791931,-00928.000122,-00174.069336
             Vertex   +01272.791504,-00736.000061,-00286.069336
          End Polygon
          Begin Polygon Link=52
             Origin   +00680.446716,-00188.887009,-00116.109062
             Normal   +00000.014597,+00000.522574,+00000.852469
             TextureU +00000.428256,+00000.767136,-00000.477597
             TextureV -00000.903540,+00000.372046,-00000.212598
             Vertex   +01032.791992,-00912.000305,-00174.069336
             Vertex   +01576.791626,-01136.000488,-00046.069305
             Vertex   +01272.791504,-00736.000061,-00286.069336
          End Polygon
          Begin Polygon Link=53
             Origin   +01084.780396,-00181.520477,-00466.914001
             Normal   -00000.048341,+00000.984230,-00000.170162
             TextureU -00000.464373,+00000.128684,+00000.876241
             TextureV +00000.884319,+00000.121377,+00000.450829
             Vertex   +02024.791626,-00688.000000,-00222.069336
             Vertex   +01208.791626,-00800.000183,-00638.069336
             Vertex   +01272.791504,-00736.000061,-00286.069336
          End Polygon
          Begin Polygon Link=54
             Origin   +00783.121826,+00577.498901,-00817.718872
             Normal   +00000.067746,+00000.090328,-00000.993605
             TextureU -00000.596163,-00000.794885,-00000.112910
             TextureV -00000.800000,+00000.600000,+00000.000000
             Vertex   +00808.791748,-00672.000122,-00958.069336
             Vertex   +01000.791504,-00815.999756,-00958.069336
             Vertex   +00872.791992,-01072.000122,-00990.069336
          End Polygon
          Begin Polygon Link=55
             Origin   +00675.110840,+00195.533707,-00897.744873
             Normal   -00000.778065,+00000.627817,+00000.021464
             TextureU +00000.136740,+00000.135918,+00000.981238
             TextureV +00000.613121,+00000.766402,-00000.191601
             Vertex   +01080.791504,-00736.000488,-03278.069336
             Vertex   +00824.791931,-01056.000244,-03198.069336
             Vertex   +00872.791992,-01072.000122,-00990.069336
          End Polygon
          Begin Polygon Link=56
             Origin   +00257.437561,+00200.444717,-00817.718872
             Normal   +00000.020792,-00000.131682,-00000.991074
             TextureU +00000.139777,+00000.981935,-00000.127535
             TextureV +00000.989965,-00000.135877,+00000.038822
             Vertex   +00824.791565,-01199.999634,-00974.069336
             Vertex   +00008.791809,-01087.999756,-01006.069336
             Vertex   +00872.791992,-01072.000122,-00990.069336
          End Polygon
          Begin Polygon Link=57
             Origin   +00265.441376,+00572.587891,-00466.914001
             Normal   +00000.040206,+00000.090463,-00000.995088
             TextureU +00000.999191,-00000.003640,+00000.040041
             TextureV +00000.000000,-00000.995893,-00000.090536
             Vertex   +00008.791992,-00864.000000,-01006.069336
             Vertex   +00008.791931,-00688.000000,-00990.069336
             Vertex   +00872.791992,-01072.000122,-00990.069336
          End Polygon
          Begin Polygon Link=58
             Origin   +00680.446716,+00671.999634,-00471.424377
             Normal   +00000.069216,+00000.154912,-00000.985501
             TextureU +00000.094381,-00000.984456,-00000.148119
             TextureV -00000.993127,-00000.082760,-00000.082761
             Vertex   +00504.791931,-00703.999878,-00958.069336
             Vertex   +00696.791504,-00688.000000,-00942.069336
             Vertex   +00872.791992,-01072.000122,-00990.069336
          End Polygon
          Begin Polygon Link=59
             Origin   +00257.437561,+00200.444717,-00817.718872
             Normal   -00001.000000,-00000.000001,-00000.000000
             TextureU +00000.000001,-00000.997910,-00000.064613
             TextureV -00000.000000,-00000.064613,+00000.997910
             Vertex   +00824.791565,-01199.999634,-00974.069336
             Vertex   +00824.791931,-01056.000244,-03198.069336
             Vertex   +00824.791748,-01376.000000,-01006.069336
          End Polygon
          Begin Polygon Link=60
             Origin   +00567.099854,-00186.431503,-00817.718933
             Normal   +00000.007921,-00000.999245,+00000.038030
             TextureU +00000.203800,+00000.038846,+00000.978242
             TextureV -00000.978980,+00000.000002,+00000.203954
             Vertex   +00872.791748,-01455.999878,-03118.069336
             Vertex   +01256.791992,-01456.000488,-03198.069336
             Vertex   +00824.791748,-01376.000000,-01006.069336
          End Polygon
          Begin Polygon Link=61
             Origin   +00252.101761,-00193.798019,-00466.914001
             Normal   -00000.574183,-00000.812523,-00000.100598
             TextureU -00000.205204,+00000.261771,-00000.943063
             TextureV +00000.792594,-00000.520848,-00000.317038
             Vertex   +00904.791748,-01488.000244,-00558.069336
             Vertex   +00344.791809,-01120.000122,-00334.069305
             Vertex   +00824.791748,-01376.000000,-01006.069336
          End Polygon
          Begin Polygon Link=62
             Origin   +00157.430328,+00190.622696,-00462.403625
             Normal   -00000.331248,-00000.938535,+00000.097088
             TextureU +00000.943544,-00000.329490,+00000.034085
             TextureV -00000.000000,+00000.102898,+00000.994692
             Vertex   +00008.791626,-01040.000366,-00542.069336
             Vertex   +00008.791809,-01087.999756,-01006.069336
             Vertex   +00824.791748,-01376.000000,-01006.069336
          End Polygon
          Begin Polygon Link=63
             Origin   +01092.784058,+00190.622696,-00817.718933
             Normal   +00000.397090,+00000.764768,-00000.507394
             TextureU -00000.729514,+00000.598471,+00000.331121
             TextureV +00000.556891,+00000.238666,+00000.795557
             Vertex   +01112.791870,-00767.999878,-00798.069336
             Vertex   +01000.791504,-00815.999756,-00958.069336
             Vertex   +00968.791748,-00672.000000,-00766.069336
          End Polygon
          Begin Polygon Link=64
             Origin   +00783.121826,+00577.498901,-00817.718872
             Normal   -00000.125932,+00000.986473,+00000.104942
             TextureU +00000.152828,-00000.085230,+00000.984571
             TextureV +00000.980196,+00000.140027,-00000.140028
             Vertex   +00808.791748,-00672.000122,-00958.069336
             Vertex   +00696.791504,-00688.000000,-00942.069336
             Vertex   +00968.791748,-00672.000000,-00766.069336
          End Polygon
          Begin Polygon Link=65
             Origin   +01098.119873,+00584.865417,-00466.914001
             Normal   -00000.205366,+00000.978517,+00000.018120
             TextureU +00000.896280,+00000.195479,-00000.398082
             TextureV -00000.393073,-00000.065512,-00000.917171
             Vertex   +00824.791748,-00703.999756,-00670.069336
             Vertex   +00920.791626,-00687.999878,-00446.069336
             Vertex   +00968.791748,-00672.000000,-00766.069336
          End Polygon
          Begin Polygon Link=66
             Origin   +01192.791504,+00200.444717,-00462.403625
             Normal   +00000.459382,+00000.887843,+00000.026504
             TextureU -00000.400184,+00000.233515,-00000.886185
             TextureV -00000.792982,+00000.396491,+00000.462573
             Vertex   +01016.791504,-00704.000122,-00526.069336
             Vertex   +01208.791626,-00800.000183,-00638.069336
             Vertex   +00968.791748,-00672.000000,-00766.069336
          End Polygon
          Begin Polygon Link=67
             Origin   +01084.780396,-00181.520477,-00466.914001
             Normal   +00000.707107,-00000.707106,+00000.000000
             TextureU -00000.189262,-00000.189262,-00000.963514
             TextureV +00000.681307,+00000.681308,-00000.267656
             Vertex   +02024.791626,-00688.000000,-00222.069336
             Vertex   +01576.791626,-01136.000488,-00046.069305
             Vertex   +01992.791992,-00719.999878,-03198.069336
          End Polygon
          Begin Polygon Link=68
             Origin   +00669.775024,-00280.932251,-00471.424377
             Normal   +00000.707107,-00000.707106,+00000.000000
             TextureU +00000.699965,+00000.699965,-00000.141765
             TextureV +00000.100243,+00000.100243,+00000.989900
             Vertex   +01512.791626,-01199.999634,-00670.069336
             Vertex   +01256.791992,-01456.000488,-03198.069336
             Vertex   +01992.791992,-00719.999878,-03198.069336
          End Polygon
          Begin Polygon Link=69
             Origin   +00567.099854,-00186.431503,-00817.718933
             Normal   +00000.054522,-00000.189530,-00000.980360
             TextureU +00000.991650,+00000.125187,+00000.030948
             TextureV +00000.116863,-00000.973862,+00000.194773
             Vertex   +00872.791748,-01455.999878,-03118.069336
             Vertex   +00824.791931,-01056.000244,-03198.069336
             Vertex   +01992.791992,-00719.999878,-03198.069336
          End Polygon
          Begin Polygon Link=70
             Origin   +00675.110840,+00195.533707,-00897.744873
             Normal   -00000.020491,+00000.999220,+00000.033749
             TextureU +00000.999197,+00000.019305,+00000.035121
             TextureV +00000.034442,+00000.034442,-00000.998813
             Vertex   +01080.791504,-00736.000488,-03278.069336
             Vertex   +01000.791504,-00815.999756,-00958.069336
             Vertex   +01992.791992,-00719.999878,-03198.069336
          End Polygon
          Begin Polygon Link=71
             Origin   +01092.784058,+00190.622696,-00817.718933
             Normal   +00000.182377,+00000.979420,+00000.086460
             TextureU +00000.842376,-00000.110294,-00000.527483
             TextureV -00000.507091,+00000.169033,-00000.845155
             Vertex   +01112.791870,-00767.999878,-00798.069336
             Vertex   +01208.791626,-00800.000183,-00638.069336
             Vertex   +01992.791992,-00719.999878,-03198.069336
          End Polygon
       End PolyList
    End Brush
    Brush=Model'Entry.Brush'
    PrePivot=(X=1000.791748,Y=-736.000000,Z=-142.069336)
    Name=Brush27
End Actor
Begin Actor Class=Brush Name=Brush95
    CsgOper=CSG_Subtract
    MainScale=(SheerAxis=SHEER_ZX)
    PostScale=(SheerAxis=SHEER_ZX)
    Group=Interior_Cells_Cell3
    Level=LevelInfo'Entry.LevelInfo0'
    Tag=Brush
    Region=(Zone=LevelInfo'Entry.LevelInfo0',iLeaf=41,ZoneNumber=63)
    Location=(X=-32.000000,Y=-384.000000,Z=-48.000000)
    OldLocation=(X=6.000000,Y=-164.000000,Z=-48.000000)
    Begin Brush Name=Model97
       Begin PolyList
          Begin Polygon Item=OUTSIDE Texture=StonBrdg2733 Flags=8388608 Link=0
             Origin   -00096.000000,-00084.000000,+00080.000000
             Normal   +00000.000000,+00000.000000,+00001.000000
             TextureU +00000.000000,+00001.000000,+00000.000000
             TextureV -00001.000000,+00000.000000,+00000.000000
             Vertex   -00096.000000,-00084.000000,+00080.000000
             Vertex   +00096.000000,-00084.000000,+00080.000000
             Vertex   +00096.000000,+00084.000000,+00080.000000
             Vertex   -00096.000000,+00084.000000,+00080.000000
          End Polygon
          Begin Polygon Item=OUTSIDE Texture=BlokFlor2050v01 Flags=8388608 Link=1
             Origin   -00096.000000,+00084.000000,-00080.000000
             Normal   +00000.000000,+00000.000000,-00001.000000
             Pan      U=-22 V=-132
             TextureU +00000.000000,+00001.333333,+00000.000000
             TextureV +00001.333333,+00000.000000,+00000.000000
             Vertex   -00096.000000,+00084.000000,-00080.000000
             Vertex   +00096.000000,+00084.000000,-00080.000000
             Vertex   +00096.000000,-00084.000000,-00080.000000
             Vertex   -00096.000000,-00084.000000,-00080.000000
          End Polygon
          Begin Polygon Item=OUTSIDE Texture=StonBrdg2735cw2 Flags=8388608 Link=2
             Origin   -00096.000000,+00084.000000,+00048.000000
             Normal   +00000.000000,+00001.000000,+00000.000000
             TextureU +00001.000000,+00000.000000,+00000.000000
             TextureV -00000.000000,-00000.000000,-00001.000000
